x1 x2 y
1 179.077348445741 127.928104804713
0 167.733187747588 129.124617554913
1 198.227485939608 142.141856658833
1 188.627237922133 130.654129064581
1 166.179693062931 147.968560938656
1 172.131859741708 129.980480302284
0 168.703737362808 106.297347503817
1 193.62784876584 150.966558367695
1 128.847596330147 131.443960275868
0 125.092582505065 135.628122052132
1 175.748964794347 141.667845898018
0 140.870220517317 125.080665689164
0 162.131631594933 117.899759707553
1 170.190305780897 138.626311856325
0 144.681212869636 110.448545151767
1 190.146222847534 132.751937664658
1 206.933355359601 159.705538676961
1 171.710917809397 146.072000820777
1 184.247440612383 147.677947922164
0 147.854823044165 124.778136450738
1 194.030767967966 150.261916048941
0 151.921892910142 119.309389412487
1 152.300017421105 133.582598171255
1 136.81040440038 135.838066022783
1 172.677612327234 137.818773912446
1 156.305918549645 126.807652489547
1 175.833343551176 136.774488262476
1 208.819295157894 142.204052164552
0 142.390531608792 119.134618256938
1 188.20206249664 141.983783311082
1 210.939240995616 139.718307258295
1 155.391690294931 119.095532714392
0 143.112988634061 121.88667820076
0 147.406316907762 103.267958305316
0 153.426494515232 115.443772154218
0 157.582850233954 121.334601783973
0 129.315254498845 114.457439708343
1 213.437365549675 155.385064172273
1 167.397443395311 141.772131230978
1 154.965538352751 133.810073949474
0 169.372475006067 114.823183231028
1 200.068755754056 150.665997185712
0 136.437354088908 115.217444594727
0 163.084510075977 132.133391048108
1 168.441632963532 159.077888940165
0 144.117078092527 108.955753256988
1 181.829058005824 136.909103682181
0 109.047036370748 92.0040680459038
1 166.467627786083 146.109896585739
1 196.788875319485 132.261227088201
1 163.465365091744 140.318720038494
1 185.480891007256 136.318282704118
0 135.224637117497 121.801104111793
1 201.5507795439 148.679494216525
1 186.710243566547 142.936983287722
0 137.413468113813 126.507152754704
0 198.755053215852 130.95114913741
1 175.753969552637 149.222929686564
0 166.61309699441 123.710354497289
0 136.016209445575 115.543851472673
1 152.777398144122 107.828466208772
1 188.049691087961 145.563020503674
1 199.473408387309 145.182930391474
0 153.168572239387 113.282349388785
1 174.083936652436 134.003745298291
0 104.301982409318 90.1238106639757
1 205.155485078228 156.239207282134
1 149.069798974826 132.770612023747
0 170.183034347022 103.619443314975
1 159.279503419591 137.310747990529
1 219.545324166566 153.518007135584
0 145.289401212217 117.889694616063
0 162.37850297374 103.891560467512
0 143.574155783758 131.646356264485
1 183.61466140879 173.836251062521
0 154.556644590062 125.346480477352
1 198.40935520569 132.49917670078
0 147.301519380779 112.49373223683
1 164.094293745893 132.098938238553
0 138.484235737462 118.669689525594
0 167.87455083355 132.514892108483
0 143.760364677431 107.482044534654
0 121.921411534041 109.009902082848
0 135.0911312383 124.606310623122
0 140.165568498167 120.209222481979
0 152.140214099187 115.646389970779
1 169.214384873144 153.436931245493
0 133.572184453828 100.940258514353
1 169.315314477486 163.135318884372
0 154.560345218335 122.343542280078
0 127.161096267584 111.113909632237
0 156.71711600351 132.345164305499
1 166.596579110966 124.689238651353
1 177.858767884448 151.886442457623
1 184.757520031418 149.670855309271
0 180.333002668032 123.926687405676
0 165.46508778426 119.632299179912
1 164.592759309288 130.048884458266
0 154.491365025269 139.09826133875
0 121.192128405928 112.589531604337
0 151.264329387672 109.974609870882
1 183.118687482866 161.766528480643
1 157.592568125889 129.605752966865
1 182.726236408922 150.329957755694
1 156.96081657928 136.206165207009
1 160.31613378957 136.34275154866
1 161.348737937088 128.494722745327
0 150.563090196342 116.30250143488
1 180.373242271556 140.616263314301
1 174.936821373392 138.86227011755
0 106.148180968224 104.225876332799
0 142.628136021739 118.430777933061
0 180.621725678352 131.825989322588
1 176.0564705718 132.707180562407
1 177.982792211749 153.504250870765
1 174.575763188981 147.488261965774
1 151.498193185244 142.539250829865
0 118.857877246686 114.209764645367
1 168.935895582276 142.319029254183
0 120.915823394103 99.8803077692238
0 141.342120640715 129.870923080671
1 166.835435678623 145.591837824987
0 154.146918795713 120.60474609648
1 167.726974416375 139.572581677513
0 137.588836291914 94.472146892807
0 161.954034154678 123.224038131298
0 125.620965685418 112.388150717285
1 153.776706193421 137.292696517713
0 135.527995143017 134.318265148075
0 129.119942910716 120.262419898924
1 180.761150532026 155.08884768496
1 200.641377308573 154.065712766331
1 185.587634847312 145.373068961651
1 205.663074191903 158.520676176717
0 159.763811017702 142.469400603723
0 152.564085950078 120.329377742344
1 193.24471740765 148.109588919699
1 177.668979756279 135.519449093983
1 207.929600683422 151.424889940457
1 158.333277517479 131.393707631589
0 151.9504900293 125.522267379135
1 193.741330766903 150.769726658181
1 134.48073546289 103.681861464804
1 210.405332817504 152.371878917885
1 169.11172598822 133.087009103011
0 162.537931224242 119.735905820824
1 182.714501128646 125.644458978049
0 118.556267193029 100.737157603282
0 193.997558228376 143.661230937578
0 150.74441148005 118.39343659262
1 176.943231963581 140.560057647127
0 140.424221182528 118.668614252361
1 145.711617790963 150.897774554254
0 132.667972803872 102.464406662971
0 161.826145255682 123.297876205437
0 155.879684733518 125.80913880948
0 159.497420300029 140.090409426302
1 207.387148776328 134.66929301254
0 153.671754283028 125.731988396013
1 166.159678464308 149.712526550739
0 146.553344342116 106.69265998219
0 142.719887767744 128.866038629215
1 198.454287810213 149.767732180273
1 194.533039932222 138.134214962835
1 187.82392128935 143.281878238079
1 140.882631190219 117.003853374384
1 206.723477030797 157.729867594972
1 190.862983547754 158.337891646651
1 177.409199412032 144.114009321366
0 148.188086705493 117.74829014262
1 209.022433062777 143.427868679392
1 155.321527963545 129.217126416027
0 134.469613541112 127.439239314652
1 167.733220075635 111.05636285791
1 176.777056076502 121.810993079133
1 144.615922691988 148.204163378497
0 99.2563501624974 128.256034118038
1 182.656124402657 143.691719249854
1 167.804208929262 141.485624250522
0 155.986677218217 116.493173272863
0 127.461315244722 95.7019669342619
0 117.049215656823 102.547077562246
1 170.484904196994 153.663082770246
1 182.880035629334 137.678900237603
1 169.609922222716 124.250001553744
1 205.704913790155 151.521915556055
1 198.945074511858 158.703838936177
0 113.347089188401 109.600329662028
1 147.850914244929 140.214154338963
1 188.729009575689 135.619044272672
1 171.610001764975 139.006872609524
1 180.533292528446 143.112269754926
1 192.852067806264 134.838324283674
1 167.503819778937 129.093125729648
0 161.619512274641 102.594487811238
1 173.710094356918 135.861169588949
1 182.491637288576 156.818179408897
0 146.840475304033 110.879649690058
0 113.519274662011 107.964575325079
0 133.351358141331 120.456646019613
0 135.50854103555 107.007749258246
0 160.449268094416 122.482690110309
1 144.628950871734 129.179868820949
1 194.541015898812 146.486711247034
1 155.534099895333 132.090463431314
1 168.567820696654 131.622265722841
1 170.468640498674 147.744725205312
1 177.506299874991 141.720400311358
0 174.286644316294 117.971799685537
1 198.762036879132 143.779445329654
1 202.992556418934 144.23339277091
0 153.991615759119 121.94592166256
1 154.296457452735 110.50585643286
0 178.094874427614 132.442297274076
1 165.745391626202 146.58813168784
0 152.201775622201 121.291029566373
0 149.958928797579 133.415638084056
0 163.525579479993 123.714165017382
0 134.652246710762 120.104570358578
1 177.126604588263 149.353410085974
1 162.305144375891 147.155027579718
0 139.990523241469 115.361473216888
1 181.384444665434 146.215385217937
1 183.069215443366 139.230872506321
1 186.940939499708 148.611540818541
0 152.823331451864 108.54772943403
0 123.065770498629 109.733682371881
0 138.444062037433 116.898824414919
0 168.586481003869 138.21486520868
1 169.997601193787 144.200916483914
0 168.913185413526 109.264960945479
1 194.864792431116 146.079921729325
1 172.331755327255 133.44461202027
0 148.287983627573 127.306202686842
1 179.013778388904 131.159333417765
0 156.99082922984 126.611183760429
0 131.07127076957 126.04551098913
0 122.107167732088 111.895507128791
0 159.737573379407 108.488287850101
1 182.697351364524 139.695504396749
1 161.595662277887 151.143599291864
0 163.905830507629 129.301850394701
1 181.239321111697 146.817554591229
1 173.171100989089 139.905378777292
1 162.015042946857 142.915834488444
0 77.1236876801992 99.6945849785599
1 190.884896079702 153.860032340574
1 176.377454793236 139.905916670944
0 147.906785864065 113.942240261298
0 131.753463274138 118.480283523431
0 132.188941573962 103.794771129814
1 171.915187425389 144.589985919247
0 181.289691721924 122.340705603444
0 162.570065759734 118.252605007991
1 185.563013341232 138.62521159719
1 161.646387497035 125.590111510411
0 174.25434038117 126.133673966421
1 185.451933156223 143.312914265986
0 137.09330732123 100.303933652397
0 136.003953743639 124.559057384298
0 152.46821916189 116.910169269072
0 137.864080031808 121.600151663787
0 154.043865452623 118.350975489934
1 151.450395661678 127.102424560366
0 167.913839268715 117.500007855707
0 152.057199092026 120.955905659498
0 157.469294554827 116.702689318273
1 208.00915407308 148.619988323376
1 193.776943546833 157.360524237452
1 152.353227201034 133.427293821049
0 159.206608412553 111.953417487146
1 175.156763973535 150.96743555975
0 157.69170339052 132.216336526688
0 139.163309189186 117.312086612935
0 133.895827730707 114.591287011496
1 163.817014596706 145.277868799072
0 114.046640507845 105.616475853158
1 179.108377045228 144.691135790012
1 177.638001663479 136.784280028977
0 135.68160496742 122.763673751512
1 194.419035440839 147.019043921619
0 179.321580732024 111.916418129931
0 171.121564552808 128.567630887729
0 110.304513579235 107.958860932679
1 156.997995591526 121.899943999862
0 146.73323550356 126.928089519368
0 134.286179236081 116.499390340712
1 179.705472754349 152.485444136704
0 153.114380528405 121.333345884694
0 141.369671587016 104.201972851558
1 167.597698919182 148.039689023775
1 188.188723656033 143.51874085447
1 173.630048043138 141.695192464068
1 193.155940614222 144.520451795702
0 157.942448685125 123.650324443812
1 168.291768239906 141.209423714424
1 170.881101407149 131.709986498625
1 199.233611369613 132.346660685113
1 202.380753289679 156.165313011769
0 129.790708375161 123.066622288795
1 171.679219768794 141.270231780194
1 168.02695564831 134.53868836426
1 171.293504371925 134.269140452292
1 173.896837732512 123.370627578426
1 191.380974942801 157.956739829858
1 194.341412420886 150.266925594645
1 160.602743198173 124.369829497495
0 125.316043211836 97.1812258836598
1 167.679154607307 137.234222423657
0 119.713131525689 91.9245617550631
0 163.736917971669 125.392371447397
1 152.334073372389 127.564152145984
0 160.361640545879 101.619670437621
0 125.86513785048 114.455969516879
1 194.599204016668 146.139768517687
1 220.027544832025 162.289653829765
1 207.034150119186 137.080355417097
0 125.300684441928 113.079252273009
1 208.888625169816 151.676612578455
0 151.838887544561 100.47436890567
0 158.824303855904 116.638279622429
0 112.922460115383 113.990144749887
1 235.554270185727 154.244481398678
1 169.554533897567 144.151711627569
1 161.951414704795 139.249307429782
1 194.32721723592 158.805002579434
0 154.775045820645 121.856199041829
0 132.199057533952 116.618847300112
0 151.928405143254 131.816764750468
1 168.293830882341 131.658762360596
0 151.402900591181 128.985596454704
0 147.086473099028 105.248108036427
1 180.469758134989 137.761688818687
0 116.557240281696 100.296254937547
1 144.930942938109 134.604171004042
0 112.970287541947 118.248627893309
0 145.207169449434 111.36151214631
1 174.731696774464 140.364920419055
1 163.881921642 125.02056193973
1 182.244528045991 153.579923549371
1 195.273769034098 147.065024829771
0 150.250178701983 136.366654156576
1 143.177153398002 115.742452034448
0 147.439302238865 127.065032037806
1 198.474769092332 139.49146838171
0 149.332173385492 138.783809233657
1 186.841224370476 138.790486588452
1 185.024215289475 130.604766211565
0 119.851756598261 115.386219635339
1 173.946512920877 147.464613658159
1 199.778917655971 163.921751708326
1 161.666903667728 150.626406235875
0 125.119369887905 97.7630646676293
0 161.306514701119 117.795958363978
0 129.171707764921 116.142836933457
0 190.21182632521 149.48677610187
1 189.03502127601 140.984298190626
1 176.32810551669 136.244418863968
1 190.89027369496 166.312550730947
0 139.749729301856 117.89795196593
0 144.227441871514 118.171963732755
0 121.106380525475 108.098198746394
0 107.05453628636 96.1334466320606
1 192.082627823484 151.444970500712
1 170.394043963549 157.170444409652
0 149.333013820407 118.788542969952
0 155.100371535486 128.537396679908
0 149.270601398932 98.7542677893864
0 146.628419836654 117.770256346961
0 150.37004741169 137.896522054979
1 171.11325739702 150.438057529792
0 120.485634091043 114.28617346216
1 152.496133302127 137.507463100502
0 136.491620237095 118.961932066923
1 181.647783867348 163.918710840633
0 176.296691230191 120.402978961453
1 193.578685121777 163.220146976418
1 182.83445389201 136.729479798078
0 187.038572593392 122.932391339269
1 220.777608876354 149.225766920812
1 219.215466199867 147.471262877191
1 176.88830705567 143.188961396446
0 146.366574593771 129.056149984719
1 179.910735092783 137.008724932018
0 131.567542359777 94.9774315982474
1 193.302806839484 155.82894126288
1 195.128272240317 133.991883259045
0 135.717956721515 119.704449944321
1 199.000125450084 150.328029395984
0 134.293119292718 108.87046580933
0 112.757737631867 116.547602782752
1 170.831057578644 146.790859656779
0 127.841071913562 97.4418311677879
1 166.496374599789 139.756115502903
0 147.677787909254 122.334341611536
0 157.161467365861 111.21959315617
0 147.121560589665 99.5736772545541
1 174.580231466985 150.75870555697
0 154.215769900176 120.03805961965
1 198.079575465237 151.578346270105
1 158.369552310366 147.178002514757
0 160.622416178593 117.766059367207
1 200.43396969486 158.748953227577
0 164.698808179217 140.499267972508
0 146.923219388228 125.159308410078
1 220.392935469673 140.645939622145
0 135.334209233902 134.944368314802
0 141.911544844346 104.679871379183
1 193.704641776468 158.576529175031
1 187.052211446098 126.428454573568
0 113.043856643722 92.2925144594224
0 148.015512126361 117.410571081456
0 135.59255856919 110.807876604542
0 195.268810705915 136.500574828456
1 172.457358060571 137.774958545482
0 127.307039817723 103.84535016945
0 145.954017063805 120.498810466474
0 137.15296638478 125.815798099447
0 173.403171084515 141.778170141521
1 197.219573765091 158.836324800409
0 178.141236782766 131.764041397759
0 166.115479637041 108.26797632545
1 175.253022172873 150.105899951482
0 138.244373888455 102.653909790643
1 210.768942312352 149.68546345003
0 136.528442087013 93.0035454883884
1 184.205838846892 147.017033673378
1 181.509248645231 145.555578835211
0 127.369391279297 84.401125508046
0 128.89105028581 116.989846446175
0 163.985841348311 110.20681884369
0 138.169920134211 110.465732414327
0 143.417986152176 103.573833894088
0 149.834785532031 107.814467450888
1 179.876413849312 131.695372500737
1 207.825470196774 163.246380718548
0 132.711618955028 105.71717623863
0 170.00592380303 123.17424877038
1 216.247886587164 171.697478369329
0 166.839867494054 129.732700765598
0 173.885014956291 127.282734379549
1 180.095871169008 136.263396047378
0 157.491848126637 103.474048859318
1 199.781363905557 145.397150377329
0 178.180784720682 138.764885183317
1 183.527557836084 137.285192445545
0 137.248820219277 109.378869751699
0 112.523692616115 109.522936687921
0 139.954233421544 121.655191644012
1 224.742677705899 168.536134501384
1 200.078663640643 152.88971627343
0 150.255912442744 106.840408035211
1 178.239366985707 142.137966342262
0 124.222159492629 102.198228313209
0 118.589460981847 96.556049865478
1 158.544154005451 148.605701933739
0 150.631626235269 121.167168156296
0 109.339854059832 103.316240517037
1 169.830878436993 132.28364356387
1 175.339293353426 144.467345705661
1 174.898277393137 153.120024607945
1 183.745358279142 139.797427665216
1 172.136886120431 133.51105194551
0 93.1701392161993 84.6431391913435
1 174.887608952516 145.580887328705
1 195.818654586678 148.119343838509
1 197.381962390405 161.742432124145
0 137.776237800721 124.569901590115
0 136.714600202634 115.613630527137
0 142.575782741774 99.2242386367934
1 195.949906584687 154.958705574346
0 183.912221120353 127.693167482464
0 131.114107122592 113.228862849941
0 148.851729624577 129.742053053213
1 200.909436938715 148.260374694122
0 114.252691603225 126.232638850286
1 159.054570277527 132.418123098096
1 175.510763179837 138.909207050938
1 179.14493538786 145.665662891603
0 144.286299194285 106.97921132872
0 142.487850086688 107.291851411906
1 198.711404597356 138.845986450411
1 192.764547659846 143.519874783669
1 146.136874270806 152.739510399034
1 161.315542298206 142.568068898277
1 170.097382543457 139.595382509189
0 152.520571184488 127.768116803363
0 157.957010552907 110.910029778104
1 144.282825657144 142.146972783705
0 145.961685469189 111.011033393317
1 179.214937868125 140.27282834952
0 154.357993179397 126.209017382266
0 150.808053364601 108.065894666405
1 168.701564621402 145.488565455772
0 131.032806251685 109.255277257674
1 185.823844826918 144.773709926919
1 155.94362973896 140.863762197681
1 202.208243347452 155.625958831393
0 146.765770874364 147.265597543338
0 154.73804934949 123.768966768302
1 157.633320453449 138.20772579202
0 117.180351265947 119.648232922477
0 133.959046188808 110.880613231232
0 135.199871279463 109.060009227956
0 108.400782748965 102.273041134965
0 131.952120693718 126.618104232206
0 130.805683504094 106.47028556077
0 146.053220303515 106.170635370271
0 158.780143649094 118.815408921369
1 193.585932961568 155.186263796333
0 149.686305073703 114.529480731175
0 165.499836027862 101.885854846938
1 132.884521022019 143.580366819491
1 197.137252981074 135.93964595684
0 165.566775266993 128.524884521102
1 177.430935414741 130.14293583131
0 161.373003317591 127.423062044288
0 139.705257216654 113.959266130337
0 162.901845074351 124.093138896868
1 165.9442742146 133.803070930233
0 139.171713803915 109.809115987027
1 167.947453566916 119.886230356765
1 187.453565004597 149.27135964535
1 170.014362239356 154.262994076812
1 190.132559727253 133.628899753553
1 163.937760747649 135.743320057545
1 146.043390643953 127.588826376803
1 151.456109196271 125.018727253882
1 201.803033969699 146.714302114152
1 180.844132731079 149.565529390382
0 137.753061645274 109.992564230802
0 143.058183626052 115.200101960714
1 199.636691237624 151.227369237419
0 187.075910475002 139.42944558478
0 163.541331930441 129.248586906755
0 129.594031691044 126.910861697479
1 203.633507509848 144.460750388094
1 166.639915347246 133.583738793887
1 151.1908107492 143.255468581264
0 184.668737771334 121.735972001384
1 169.776831443799 136.538304846746
0 197.108414416069 134.421657592247
0 128.295975692795 93.6601525872234
0 149.959742471424 123.88523389248
0 123.442790192257 92.4140468193063
1 178.150278714774 161.948159302449
1 162.899062493919 138.913155935007
1 203.554241684364 142.626745548335
0 152.972169589328 105.952083726755
0 123.338089879726 102.180843136499
0 154.197907826051 124.884402316501
0 114.307024759087 103.876876044744
0 134.608018106304 127.21734946329
1 165.114512601095 151.401844749467
1 156.166505975868 137.272830310668
1 180.301592819485 138.860493559933
1 201.030763318083 166.467221098928
1 163.381835558474 144.343762606093
1 201.033411070264 154.43027218979
1 179.028434064993 131.753418538633
0 151.165945240177 117.208712196548
0 120.113176351878 105.004124222226
0 172.281295880912 122.402005256896
1 162.952234308904 144.978023401396
1 144.235833558394 130.587142976116
0 148.876445622675 131.089650493075
1 162.793716184648 140.982802881583
1 199.770146070808 157.179075293855
1 189.962117362246 123.030613362251
1 168.062390331726 136.755365815007
1 178.082352790552 161.874462362434
1 182.234768743272 135.698865400047
0 143.890139075678 112.836508492002
1 187.587601544505 144.610614331449
0 169.856362735438 140.845247498434
1 160.449616506055 131.523353456973
1 148.176645889142 125.973525622214
1 158.302295400837 134.516165761318
1 165.315585428794 132.339682664893
1 198.387683561548 157.623339092335
1 183.139509936031 151.411687840896
0 172.994468549534 132.799204661111
0 141.142732472746 118.89167135318
0 114.912425502575 109.626762410246
0 163.315120337182 116.815459075556
1 168.75733223557 144.961853972274
0 138.308888034137 119.91913539687
0 107.725112835178 100.72845029678
0 156.913124916449 110.247111759238
0 153.695177856275 105.665347106322
0 159.294660853339 123.223491689742
1 125.439947975265 116.507489347075
0 143.893835421952 103.759931384428
0 162.239172167845 110.389063314606
1 182.453343595649 139.19495563131
0 149.966795374112 101.413162446111
0 124.657555032295 103.48687636553
1 151.525275779409 125.575965359264
0 130.421316773401 99.2032914571495
1 175.852251008618 143.990744494225
1 190.095298597601 139.413417339327
1 179.800509296727 132.267762521107
0 176.340705261033 131.32983759485
0 167.074483997153 145.099713060325
1 173.673662421343 134.231441705494
0 137.755725351612 125.553157588626
0 132.895869172435 116.56113211261
0 124.516277930841 111.042313723407
0 177.585975412479 120.179224525609
0 159.933432125012 123.652532142008
0 140.257415254544 102.074125803532
1 149.36628918677 126.917222284815
1 196.882664577288 154.904819716098
0 134.85689375848 120.761129550584
0 152.296368234757 116.816112309823
1 145.032812921031 127.361374128594
1 141.8124734437 137.476439279124
1 163.237156278245 143.345033998095
1 174.225352736314 142.067050526253
1 131.436176661924 141.26563720419
0 163.694355779265 120.540656295052
1 140.18309633476 118.810261208848
1 180.898894347066 147.2328836057
0 116.310195795245 106.336077987541
1 139.868483032463 130.556796573171
0 223.462877107765 153.557244825843
0 148.976203946144 119.273902256916
0 123.949576988393 91.6125310857629
0 132.227443913388 106.636353566159
0 156.47275128491 121.716558657576
0 141.687513669019 109.043553492589
0 129.189711947719 117.219089949354
0 152.339938781043 109.523447225912
0 137.893470149735 108.902764672674
1 178.771973683257 137.562089789704
0 159.826222169578 130.359202392317
0 146.262218508227 114.324516354245
1 152.971897316345 136.721712613243
0 163.390233006156 118.29199269046
1 168.222390612101 150.777530679542
0 134.083786973089 101.082145340241
0 153.788491726942 118.087218929156
0 166.449613739483 125.922988246574
1 196.386960510996 130.432277902528
0 150.192383687525 117.718754036848
1 149.820533251965 128.730941341141
1 179.585645483897 135.445912716396
0 153.507492324245 118.280348516576
1 151.899534949194 138.103077322077
0 147.518768235529 122.518877457427
1 153.687875792158 144.292880364879
0 126.417450967539 116.026138630688
1 149.802907149875 135.182261745864
1 175.02791305353 146.405179586428
1 213.73238769357 150.031904586127
1 147.671275650676 135.092981508269
1 166.1075615604 139.002698567711
0 121.629660622188 101.333874059849
0 130.811049655545 124.139987424552
0 126.565610725145 124.862731749053
0 144.764374772958 114.067617482261
0 172.973499262637 140.475185394378
0 172.315949852999 120.214109006973
1 149.124191634517 137.648229974334
0 144.55198711522 128.701567642825
1 142.351781106268 127.580019644763
0 136.913052586136 117.917342342696
1 178.925646121102 152.064536879175
0 176.564161367677 122.364314371533
0 160.145209514508 100.609678270517
0 149.088087088356 123.485154587662
0 109.57956878148 105.095557718268
0 158.176002954765 134.322272749266
1 193.323783249608 147.46100730054
0 174.792267671079 129.738059788251
0 124.395684462967 109.171882771605
1 152.259470618014 144.903347348343
1 186.107146713759 147.580953747908
0 160.258682977479 107.772267655941
0 141.844898243389 135.821403080549
1 176.053713153112 138.166466379488
0 132.604810148179 111.85238182309
1 178.581370779235 119.059224775776
0 121.228057369736 116.080075184658
1 167.697629719289 137.044909111177
1 192.283252019053 134.834915687072
1 134.342449181719 128.171486336304
0 153.795787495295 128.342047956379
0 126.737006544331 110.897178337126
1 209.348039370394 140.962614757522
0 144.566107632581 105.424341170399
1 139.491678099271 138.322426291759
0 154.43656865952 109.078483858274
1 185.495104580005 153.334757940603
1 151.156239819789 129.000542143881
1 144.748079554569 144.243000921835
1 155.482472744939 132.167697158353
0 177.800979755445 137.539528644923
1 188.25006059404 147.183172502962
1 160.750300420674 157.277592963061
0 158.806209992947 114.179139900646
1 143.388837384495 147.174498899505
1 175.481677462978 141.000603344256
0 158.406933002796 115.128370455583
0 135.054123495524 132.792852081229
1 166.400768794537 125.895629263356
1 186.304462531972 133.336708874115
0 143.844501460439 138.007961190244
0 126.121568152016 95.9830012048288
0 148.790556057095 120.794507787696
1 159.369071146246 129.575002959185
0 162.894657570686 104.570497435492
0 139.770763349034 115.104784132523
0 138.224068383785 118.833080781213
0 131.724062315353 118.824490319245
0 149.63356387035 117.867695303874
1 199.257818294074 156.521461909345
1 171.832489354664 145.387198604131
1 191.474823687112 134.937505424419
0 121.046702045432 101.93087684602
1 154.475538721015 143.212616710093
1 167.277212004537 139.906276667189
1 182.869498505144 130.171684579832
0 120.432532601793 111.828855031236
0 124.725831587312 99.5217219973869
1 176.870054650205 139.190836042554
0 151.131512335216 107.808373617609
1 169.018450586656 148.330004663747
1 182.253392045161 149.867126804247
1 153.583133004935 135.545316347951
1 181.7369453458 137.409433483761
0 120.398308505459 116.569107467864
0 140.052299211942 112.864776434549
0 163.50122552079 111.369836625616
0 158.60695682883 99.1661440166943
1 209.621124126439 164.079484586516
0 171.154392713581 121.179613631359
1 171.441987020006 142.600344930007
1 158.444108135121 125.093200401349
1 173.987917888948 139.298268480954
1 198.071296167439 145.938224093787
0 154.888196318145 121.545289132672
0 154.09320093576 127.185687798345
0 142.554501792357 117.453021704593
0 144.768066449154 113.15391909399
1 154.494630160959 143.043797213865
1 200.766446272803 145.352122890897
1 197.080649780764 139.911477105925
1 207.177419679597 147.542380392768
1 202.673953227939 143.479204250683
1 175.554826258074 156.641706031691
0 148.88838741937 129.606365860619
0 126.971107548811 107.995393081514
1 179.474250699011 153.083840582144
0 129.006684493818 106.817864606886
1 189.726820363079 153.182798660941
0 150.892261358315 119.502176209715
1 168.953833987332 139.062963598878
0 133.401074481026 109.213472902802
1 209.076180470319 164.004057308005
1 194.337765739259 155.025112370279
0 170.080313791506 113.584693349564
0 146.771416708899 110.118927381572
1 188.063237176024 147.491461973619
0 131.248865206159 94.690452173022
0 169.712459918098 115.089055795777
0 137.010840435413 112.752244828122
0 125.526745674378 124.267026537776
1 209.423106137245 155.647534060269
1 201.778787005591 153.61968913456
1 154.561683121103 133.380831121817
1 182.619538229641 138.175808278262
0 143.427594102252 113.85197036743
0 133.39249678601 124.868279463566
1 161.015755547243 134.509951655766
1 175.871694093775 156.259501076451
0 145.182702215638 143.082968960476
1 173.7432958161 147.574116125522
0 137.488979805682 113.51164216128
1 159.295974871702 141.446642594181
0 158.535367513403 111.486265581109
0 158.562986767165 136.295048398909
0 155.566623210389 108.552127655258
1 138.202172162796 106.434260450773
1 187.797863510563 136.668418125948
0 161.673474207797 105.810319744884
1 200.264191693363 134.723538622425
1 212.211062123293 146.855455417108
0 165.618023295704 134.038004769541
1 146.341889945623 132.898536829737
1 171.840231508677 147.394301119588
0 126.81576337297 120.707735632489
0 127.059610605247 91.0407793416083
0 158.880706714911 124.086928409019
1 196.430740773586 141.498024188093
0 166.491786715628 114.990930288394
0 138.404076462698 107.67529774866
1 172.716906993288 151.559031101401
0 125.602509338707 97.4303128053137
0 126.845969557866 101.399501631962
0 152.287903762201 107.793675872758
1 196.114639873024 135.892234488679
0 154.225038055292 102.064565837919
0 147.910232558035 120.825598597086
0 141.491349000829 129.079159824201
1 190.291208920273 137.425664243828
0 181.051283821079 126.590693587238
0 148.426628317688 111.092513617519
1 187.048146121188 156.497956388433
0 161.374273966267 130.016209446682
0 131.619182879898 109.931790585073
1 218.525663401551 150.261021890402
1 197.169662707597 148.607214438109
0 125.687576672413 117.784030931429
0 151.913400629105 118.165839257936
1 175.951050633287 143.071262031179
1 202.652311612742 145.011254341591
0 165.616240180822 114.993263660642
0 149.009819706793 138.524108940312
1 168.938494240496 143.205476855118
1 196.765824750112 141.925758488774
1 193.589237422201 145.805625453947
1 195.236720277879 156.868226600064
0 137.223672917586 114.519027038159
0 134.858608900915 109.396443232542
1 175.877097817499 153.16840548794
1 171.362206672888 146.629266488299
0 162.305885634083 113.725816012064
1 190.914494584698 136.896826976193
0 144.011533376864 108.828993592243
1 184.472319922459 132.135354464909
0 163.959990224491 109.263055515327
1 200.758486555651 160.410134211371
1 171.9000110392 123.842036079258
0 153.692319759691 140.71685512162
0 86.9005880541308 109.74764446683
1 187.314916994545 166.943932816132
1 166.458229849382 130.008333665047
1 216.762073286452 156.387186117102
0 188.802979741611 126.20822838291
0 186.632127510976 146.038286733244
1 182.073724825669 154.452464742903
1 161.491161648941 133.684530475865
0 149.962141100861 101.879267606982
1 203.310375991677 141.276263209958
0 140.159031540633 126.020056449003
1 155.290748278546 141.18864455445
1 206.886962783225 163.962780954341
1 143.050611204676 125.715917344273
1 167.900249447128 158.140227551418
1 137.273859016204 117.651735778158
0 148.417381276986 118.355571166046
1 167.587053926297 118.07464234342
0 157.791418415474 137.608755202127
0 119.013625476974 107.646029377921
1 168.799883918452 154.339174512779
0 148.377545207538 130.02407169641
1 196.715267237032 159.903928011954
1 186.466759235214 150.868206153023
1 167.405010108994 127.892143228363
0 171.674239260105 103.888187383623
1 178.312887028045 139.136763277828
0 167.995322282603 105.980890365204
0 175.778721723802 124.173579738168
0 140.220590814563 120.288427155664
0 146.385548580937 117.805821434525
0 161.805695016896 132.291605982759
1 163.03724059823 120.551501319873
1 169.629469481721 132.51289495023
0 121.593690245389 101.253516022784
1 181.719884591893 149.644570576355
0 136.907146721069 107.064798393668
0 117.622609904415 109.468117176487
1 191.010361946679 151.766853046579
1 197.350528779842 136.64101967551
0 168.851862319834 120.230709444968
1 181.940797312262 133.510972770889
0 164.200818187152 114.736281633947
1 148.601558734815 132.393018319461
1 190.346976338801 148.085559643371
1 159.655266872053 146.125308280181
1 189.966423460331 147.28489428986
1 158.864835630433 145.096904874194
0 152.390577810998 110.42344704554
0 121.232250223231 104.125357366364
1 178.170776757979 139.201005362123
0 133.038933794528 127.46613194779
0 151.304526971293 110.725404480589
0 107.243187589144 116.793548750956
1 153.857489000845 130.838639683131
1 179.189522743632 131.911754094676
0 185.084441408088 135.273945165508
0 185.922204479691 148.07808814167
0 178.625437070638 110.264758321765
0 134.062258210807 98.2438083490072
0 160.070850241474 128.343655540548
0 136.03484068798 142.804090600164
0 126.082507065935 96.7988688299607
0 180.809109876694 150.3400458533
0 135.456418304349 106.695779602541
0 158.031144000003 108.592935038039
0 137.07085180102 99.4239346891981
1 195.409664250216 146.975571140766
0 162.956087772126 135.374656696295
1 137.907902081578 148.451516817961
1 172.682267470208 140.984700037946
0 166.110303006692 119.457372176239
0 128.714771974028 113.836144429782
1 203.986145884049 157.16105561039
0 140.480784452422 126.937612765849
0 156.852913201882 110.088537535679
0 156.000720094738 118.243761460109
1 164.185126002963 130.663350689695
1 166.478867683414 129.837101597058
0 107.993377232651 102.274582962822
1 179.885975747714 136.612286654286
0 161.923438995428 132.899755155281
0 130.181264713449 135.223637488137
0 143.968066920928 109.926711448366
0 184.820011779621 142.072817945815
0 162.482662511224 126.006415629392
1 161.494688663159 125.942713733293
1 166.157482855928 138.835299860516
0 178.620637840447 132.985037845222
1 191.038940680939 161.515997770825
0 158.759464855217 124.126441918154
1 144.326853880555 110.796404344473
0 160.882035801406 139.480961769109
0 183.50066653656 125.040922027933
1 166.547356170001 161.693488064896
0 136.407307783798 119.704285187182
1 206.4363941439 153.746176639411
0 164.238102246753 116.83021810176
0 130.084287671088 118.721122884234
0 112.159591576677 99.1600920757318
1 169.670383815606 125.581900647664
1 165.080173642215 134.826043446067
0 127.950245805717 126.916670486874
0 174.257804788728 115.264038906222
1 160.46089509899 140.964642184298
1 184.550992925273 118.436714012828
1 168.717781990663 132.401189537119
1 186.625045364614 129.940144571813
1 173.74767539863 137.623910976999
0 104.571217109849 106.395351784981
0 126.99964955857 82.2172929125801
0 130.411263597349 111.147570095522
0 162.113005640672 153.579360338033
0 161.07873010555 124.594488323495
0 131.00192461974 116.17874328184
0 141.85811341185 120.914541154273
1 177.72769191444 147.725330351787
0 134.581628398048 129.587724636519
1 200.187633133462 143.33010125645
0 135.92915270416 106.962816410506
1 149.394488023199 129.850922514696
1 201.578552388122 143.702834488201
1 163.41791792523 132.160831886313
1 171.09120711517 136.640893580964
0 101.895514365722 88.5023774330011
0 159.314646651923 124.925010627625
0 164.584269280744 130.242378777906
0 161.205867518712 119.061716316034
1 177.098038143234 134.515513372879
1 159.322142825842 137.499547644444
0 151.769197389112 103.873198088964
0 168.213561823262 131.067082692753
1 145.307887580442 130.744039246945
0 145.986904804217 97.8903672494282
1 177.174177064532 139.61785154926
1 231.424380004745 180.225298190968
1 170.465434992533 146.592121531402
1 178.883277017297 143.094900673475
0 138.82913414595 103.900999312601
0 142.368008582067 106.778954190323
0 144.196765637036 101.963007768434
0 161.793209401253 124.307894994903
1 178.080613798094 159.694000094993
0 158.649538718453 113.537473394152
0 190.81919154462 133.90215588245
0 152.405202149465 111.881098080617
0 132.153737687989 87.9335535271544
1 181.45892094295 152.145457029796
1 180.778108077811 156.058181815798
1 171.71483339444 143.004212559489
0 132.692398800091 114.093816642642
0 128.064614341046 107.236683560458
1 174.694073601317 156.114081544807
1 200.217469190799 160.591787758023
1 150.857517970064 132.220473242332
1 170.770591542256 131.93815020121
1 221.322574938731 147.116622875263
0 120.797215267414 110.013272915095
0 157.159634158791 122.953048984155
0 125.203972986893 121.512614353793
0 123.192543594879 116.072994627921
0 147.739182996345 129.943832712714
1 184.760466000797 135.864904470307
0 180.463290531677 127.953169658347
0 173.51421712868 103.378297331131
0 125.789621412413 102.902744040014
1 173.735201938085 139.160741960885
0 151.524510838219 107.81096983286
0 189.770448311295 133.360170172604
0 169.850902097522 121.382409439471
1 184.720154408043 132.644606182041
1 175.500411791621 142.754596551036
0 164.806886983656 102.926384118996
1 177.052560966912 140.046481029008
1 185.020191653029 134.019045857218
0 136.915747595594 119.090134415565
1 184.593429170843 154.792250414923
0 161.326392961872 114.46922534312
0 155.025193145919 114.450418117586
1 163.132104943166 129.942050642054
0 128.605649787293 100.74440122882
1 174.128660379075 129.950950689642
1 165.289058317454 144.512824959756
0 133.540657383627 114.043452035428
0 120.55210654498 113.948549872673
1 174.425681394675 141.772949763469
1 177.00306095517 134.455136303186
0 157.094007944357 99.8217814071725
0 152.438310324294 104.413550326462
0 138.143267979916 114.996015497882
1 153.109397916628 151.753410044521
0 106.76500387714 111.739455851826
0 151.68634840654 127.466746963581
1 150.360294298266 115.220540391066
0 145.599533960057 127.059954334676
1 175.285347711231 145.375082013511
1 175.457430907888 127.674585517508
0 173.49169123704 129.981895381259
1 178.092728797645 136.855916717196
0 124.241490063708 95.1740527689981
1 199.403164650691 169.119653475332
1 227.909151643584 176.741905421837
0 157.566717978889 117.439054498046
1 177.514991111661 165.375641489462
1 171.352550120879 137.61145632181
0 147.017192575973 120.26822681843
0 162.556001723401 121.399799271944
0 162.565814797534 127.451404703942
1 161.251376930574 136.28954603026
0 150.992782424624 114.473857996211
1 178.950459879325 154.132624107312
0 128.01659020355 120.26629487091
1 175.827961004221 123.773961395226
0 136.043140319437 114.687510470837
1 156.341685798285 129.283286945027
0 160.38788462224 134.167126170294
0 172.960443684905 118.940186707123
1 174.705048510877 142.40118776096
1 148.770186458048 119.172365605212
0 151.580704160847 94.4111182986022
1 182.347052268134 161.762991116457
0 130.88487994076 114.818476033851
0 108.656632884909 111.916902259821
0 148.115836879083 122.504742021267
1 182.428607181472 157.249797700978
1 176.920552038322 130.952771808497
1 199.170203091845 156.257324887566
0 137.834557896274 122.923219615203
1 172.783419338792 128.075710256798
1 187.214766010194 155.093815016067
0 145.832964251785 117.691202170721
0 118.105684399766 108.110155029421
1 203.445412940729 154.248127197087
1 181.576565775993 152.330028666662
0 135.64680636523 106.521519332772
0 144.208245228825 115.681297941906
1 144.160019786503 133.022815583615
1 193.074514210399 154.392294220164
0 121.762265820476 117.313085375999
1 163.385920665267 143.813844005483
1 198.403811172302 164.154252160686
1 158.8069245372 130.074536791823
0 120.595252024041 98.6080194588697
0 154.712151188694 147.460554590679
1 155.06369373259 131.039559472662
1 162.007554794159 130.963030704126
0 155.607740294861 123.898307448176
0 150.224471998099 123.422656912563
1 162.009298675533 154.407951945851
0 142.478148825418 112.173078660022
1 163.619176519329 159.027460680546
1 187.969715534109 125.336633567418
1 145.986409810483 130.91791993719
0 136.359103661664 99.1903978582385
1 173.007578852581 121.25647946762
0 129.699431083835 111.746861645191
1 191.551571147816 155.216919657855
0 138.817122198521 126.945061350731
0 158.771739208156 108.134523927618
0 134.785142835168 119.111444622025
1 204.787999278199 142.107236558197
0 143.624210766032 114.915448823491
0 158.507641107953 110.025803395564
0 126.697541330079 106.192818908618
0 129.167278330443 124.092216421797
