179.077348445741
167.733187747588
198.227485939608
188.627237922133
166.179693062931
172.131859741708
168.703737362808
193.62784876584
128.847596330147
125.092582505065
175.748964794347
140.870220517317
162.131631594933
170.190305780897
144.681212869636
190.146222847534
206.933355359601
171.710917809397
184.247440612383
147.854823044165
194.030767967966
151.921892910142
152.300017421105
136.81040440038
172.677612327234
156.305918549645
175.833343551176
208.819295157894
142.390531608792
188.20206249664
210.939240995616
155.391690294931
143.112988634061
147.406316907762
153.426494515232
157.582850233954
129.315254498845
213.437365549675
167.397443395311
154.965538352751
169.372475006067
200.068755754056
136.437354088908
163.084510075977
168.441632963532
144.117078092527
181.829058005824
109.047036370748
166.467627786083
196.788875319485
163.465365091744
185.480891007256
135.224637117497
201.5507795439
186.710243566547
137.413468113813
198.755053215852
175.753969552637
166.61309699441
136.016209445575
152.777398144122
188.049691087961
199.473408387309
153.168572239387
174.083936652436
104.301982409318
205.155485078228
149.069798974826
170.183034347022
159.279503419591
219.545324166566
145.289401212217
162.37850297374
143.574155783758
183.61466140879
154.556644590062
198.40935520569
147.301519380779
164.094293745893
138.484235737462
167.87455083355
143.760364677431
121.921411534041
135.0911312383
140.165568498167
152.140214099187
169.214384873144
133.572184453828
169.315314477486
154.560345218335
127.161096267584
156.71711600351
166.596579110966
177.858767884448
184.757520031418
180.333002668032
165.46508778426
164.592759309288
154.491365025269
121.192128405928
151.264329387672
183.118687482866
157.592568125889
182.726236408922
156.96081657928
160.31613378957
161.348737937088
150.563090196342
180.373242271556
174.936821373392
106.148180968224
142.628136021739
180.621725678352
176.0564705718
177.982792211749
174.575763188981
151.498193185244
118.857877246686
168.935895582276
120.915823394103
141.342120640715
166.835435678623
154.146918795713
167.726974416375
137.588836291914
161.954034154678
125.620965685418
153.776706193421
135.527995143017
129.119942910716
180.761150532026
200.641377308573
185.587634847312
205.663074191903
159.763811017702
152.564085950078
193.24471740765
177.668979756279
207.929600683422
158.333277517479
151.9504900293
193.741330766903
134.48073546289
210.405332817504
169.11172598822
162.537931224242
182.714501128646
118.556267193029
193.997558228376
150.74441148005
176.943231963581
140.424221182528
145.711617790963
132.667972803872
161.826145255682
155.879684733518
159.497420300029
207.387148776328
153.671754283028
166.159678464308
146.553344342116
142.719887767744
198.454287810213
194.533039932222
187.82392128935
140.882631190219
206.723477030797
190.862983547754
177.409199412032
148.188086705493
209.022433062777
155.321527963545
134.469613541112
167.733220075635
176.777056076502
144.615922691988
99.2563501624974
182.656124402657
167.804208929262
155.986677218217
127.461315244722
117.049215656823
170.484904196994
182.880035629334
169.609922222716
205.704913790155
198.945074511858
113.347089188401
147.850914244929
188.729009575689
171.610001764975
180.533292528446
192.852067806264
167.503819778937
161.619512274641
173.710094356918
182.491637288576
146.840475304033
113.519274662011
133.351358141331
135.50854103555
160.449268094416
144.628950871734
194.541015898812
155.534099895333
168.567820696654
170.468640498674
177.506299874991
174.286644316294
198.762036879132
202.992556418934
153.991615759119
154.296457452735
178.094874427614
165.745391626202
152.201775622201
149.958928797579
163.525579479993
134.652246710762
177.126604588263
162.305144375891
139.990523241469
181.384444665434
183.069215443366
186.940939499708
152.823331451864
123.065770498629
138.444062037433
168.586481003869
169.997601193787
168.913185413526
194.864792431116
172.331755327255
148.287983627573
179.013778388904
156.99082922984
131.07127076957
122.107167732088
159.737573379407
182.697351364524
161.595662277887
163.905830507629
181.239321111697
173.171100989089
162.015042946857
77.1236876801992
190.884896079702
176.377454793236
147.906785864065
131.753463274138
132.188941573962
171.915187425389
181.289691721924
162.570065759734
185.563013341232
161.646387497035
174.25434038117
185.451933156223
137.09330732123
136.003953743639
152.46821916189
137.864080031808
154.043865452623
151.450395661678
167.913839268715
152.057199092026
157.469294554827
208.00915407308
193.776943546833
152.353227201034
159.206608412553
175.156763973535
157.69170339052
139.163309189186
133.895827730707
163.817014596706
114.046640507845
179.108377045228
177.638001663479
135.68160496742
194.419035440839
179.321580732024
171.121564552808
110.304513579235
156.997995591526
146.73323550356
134.286179236081
179.705472754349
153.114380528405
141.369671587016
167.597698919182
188.188723656033
173.630048043138
193.155940614222
157.942448685125
168.291768239906
170.881101407149
199.233611369613
202.380753289679
129.790708375161
171.679219768794
168.02695564831
171.293504371925
173.896837732512
191.380974942801
194.341412420886
160.602743198173
125.316043211836
167.679154607307
119.713131525689
163.736917971669
152.334073372389
160.361640545879
125.86513785048
194.599204016668
220.027544832025
207.034150119186
125.300684441928
208.888625169816
151.838887544561
158.824303855904
112.922460115383
235.554270185727
169.554533897567
161.951414704795
194.32721723592
154.775045820645
132.199057533952
151.928405143254
168.293830882341
151.402900591181
147.086473099028
180.469758134989
116.557240281696
144.930942938109
112.970287541947
145.207169449434
174.731696774464
163.881921642
182.244528045991
195.273769034098
150.250178701983
143.177153398002
147.439302238865
198.474769092332
149.332173385492
186.841224370476
185.024215289475
119.851756598261
173.946512920877
199.778917655971
161.666903667728
125.119369887905
161.306514701119
129.171707764921
190.21182632521
189.03502127601
176.32810551669
190.89027369496
139.749729301856
144.227441871514
121.106380525475
107.05453628636
192.082627823484
170.394043963549
149.333013820407
155.100371535486
149.270601398932
146.628419836654
150.37004741169
171.11325739702
120.485634091043
152.496133302127
136.491620237095
181.647783867348
176.296691230191
193.578685121777
182.83445389201
187.038572593392
220.777608876354
219.215466199867
176.88830705567
146.366574593771
179.910735092783
131.567542359777
193.302806839484
195.128272240317
135.717956721515
199.000125450084
134.293119292718
112.757737631867
170.831057578644
127.841071913562
166.496374599789
147.677787909254
157.161467365861
147.121560589665
174.580231466985
154.215769900176
198.079575465237
158.369552310366
160.622416178593
200.43396969486
164.698808179217
146.923219388228
220.392935469673
135.334209233902
141.911544844346
193.704641776468
187.052211446098
113.043856643722
148.015512126361
135.59255856919
195.268810705915
172.457358060571
127.307039817723
145.954017063805
137.15296638478
173.403171084515
197.219573765091
178.141236782766
166.115479637041
175.253022172873
138.244373888455
210.768942312352
136.528442087013
184.205838846892
181.509248645231
127.369391279297
128.89105028581
163.985841348311
138.169920134211
143.417986152176
149.834785532031
179.876413849312
207.825470196774
132.711618955028
170.00592380303
216.247886587164
166.839867494054
173.885014956291
180.095871169008
157.491848126637
199.781363905557
178.180784720682
183.527557836084
137.248820219277
112.523692616115
139.954233421544
224.742677705899
200.078663640643
150.255912442744
178.239366985707
124.222159492629
118.589460981847
158.544154005451
150.631626235269
109.339854059832
169.830878436993
175.339293353426
174.898277393137
183.745358279142
172.136886120431
93.1701392161993
174.887608952516
195.818654586678
197.381962390405
137.776237800721
136.714600202634
142.575782741774
195.949906584687
183.912221120353
131.114107122592
148.851729624577
200.909436938715
114.252691603225
159.054570277527
175.510763179837
179.14493538786
144.286299194285
142.487850086688
198.711404597356
192.764547659846
146.136874270806
161.315542298206
170.097382543457
152.520571184488
157.957010552907
144.282825657144
145.961685469189
179.214937868125
154.357993179397
150.808053364601
168.701564621402
131.032806251685
185.823844826918
155.94362973896
202.208243347452
146.765770874364
154.73804934949
157.633320453449
117.180351265947
133.959046188808
135.199871279463
108.400782748965
131.952120693718
130.805683504094
146.053220303515
158.780143649094
193.585932961568
149.686305073703
165.499836027862
132.884521022019
197.137252981074
165.566775266993
177.430935414741
161.373003317591
139.705257216654
162.901845074351
165.9442742146
139.171713803915
167.947453566916
187.453565004597
170.014362239356
190.132559727253
163.937760747649
146.043390643953
151.456109196271
201.803033969699
180.844132731079
137.753061645274
143.058183626052
199.636691237624
187.075910475002
163.541331930441
129.594031691044
203.633507509848
166.639915347246
151.1908107492
184.668737771334
169.776831443799
197.108414416069
128.295975692795
149.959742471424
123.442790192257
178.150278714774
162.899062493919
203.554241684364
152.972169589328
123.338089879726
154.197907826051
114.307024759087
134.608018106304
165.114512601095
156.166505975868
180.301592819485
201.030763318083
163.381835558474
201.033411070264
179.028434064993
151.165945240177
120.113176351878
172.281295880912
162.952234308904
144.235833558394
148.876445622675
162.793716184648
199.770146070808
189.962117362246
168.062390331726
178.082352790552
182.234768743272
143.890139075678
187.587601544505
169.856362735438
160.449616506055
148.176645889142
158.302295400837
165.315585428794
198.387683561548
183.139509936031
172.994468549534
141.142732472746
114.912425502575
163.315120337182
168.75733223557
138.308888034137
107.725112835178
156.913124916449
153.695177856275
159.294660853339
125.439947975265
143.893835421952
162.239172167845
182.453343595649
149.966795374112
124.657555032295
151.525275779409
130.421316773401
175.852251008618
190.095298597601
179.800509296727
176.340705261033
167.074483997153
173.673662421343
137.755725351612
132.895869172435
124.516277930841
177.585975412479
159.933432125012
140.257415254544
149.36628918677
196.882664577288
134.85689375848
152.296368234757
145.032812921031
141.8124734437
163.237156278245
174.225352736314
131.436176661924
163.694355779265
140.18309633476
180.898894347066
116.310195795245
139.868483032463
223.462877107765
148.976203946144
123.949576988393
132.227443913388
156.47275128491
141.687513669019
129.189711947719
152.339938781043
137.893470149735
178.771973683257
159.826222169578
146.262218508227
152.971897316345
163.390233006156
168.222390612101
134.083786973089
153.788491726942
166.449613739483
196.386960510996
150.192383687525
149.820533251965
179.585645483897
153.507492324245
151.899534949194
147.518768235529
153.687875792158
126.417450967539
149.802907149875
175.02791305353
213.73238769357
147.671275650676
166.1075615604
121.629660622188
130.811049655545
126.565610725145
144.764374772958
172.973499262637
172.315949852999
149.124191634517
144.55198711522
142.351781106268
136.913052586136
178.925646121102
176.564161367677
160.145209514508
149.088087088356
109.57956878148
158.176002954765
193.323783249608
174.792267671079
124.395684462967
152.259470618014
186.107146713759
160.258682977479
141.844898243389
176.053713153112
132.604810148179
178.581370779235
121.228057369736
167.697629719289
192.283252019053
134.342449181719
153.795787495295
126.737006544331
209.348039370394
144.566107632581
139.491678099271
154.43656865952
185.495104580005
151.156239819789
144.748079554569
155.482472744939
177.800979755445
188.25006059404
160.750300420674
158.806209992947
143.388837384495
175.481677462978
158.406933002796
135.054123495524
166.400768794537
186.304462531972
143.844501460439
126.121568152016
148.790556057095
159.369071146246
162.894657570686
139.770763349034
138.224068383785
131.724062315353
149.63356387035
199.257818294074
171.832489354664
191.474823687112
121.046702045432
154.475538721015
167.277212004537
182.869498505144
120.432532601793
124.725831587312
176.870054650205
151.131512335216
169.018450586656
182.253392045161
153.583133004935
181.7369453458
120.398308505459
140.052299211942
163.50122552079
158.60695682883
209.621124126439
171.154392713581
171.441987020006
158.444108135121
173.987917888948
198.071296167439
154.888196318145
154.09320093576
142.554501792357
144.768066449154
154.494630160959
200.766446272803
197.080649780764
207.177419679597
202.673953227939
175.554826258074
148.88838741937
126.971107548811
179.474250699011
129.006684493818
189.726820363079
150.892261358315
168.953833987332
133.401074481026
209.076180470319
194.337765739259
170.080313791506
146.771416708899
188.063237176024
131.248865206159
169.712459918098
137.010840435413
125.526745674378
209.423106137245
201.778787005591
154.561683121103
182.619538229641
143.427594102252
133.39249678601
161.015755547243
175.871694093775
145.182702215638
173.7432958161
137.488979805682
159.295974871702
158.535367513403
158.562986767165
155.566623210389
138.202172162796
187.797863510563
161.673474207797
200.264191693363
212.211062123293
165.618023295704
146.341889945623
171.840231508677
126.81576337297
127.059610605247
158.880706714911
196.430740773586
166.491786715628
138.404076462698
172.716906993288
125.602509338707
126.845969557866
152.287903762201
196.114639873024
154.225038055292
147.910232558035
141.491349000829
190.291208920273
181.051283821079
148.426628317688
187.048146121188
161.374273966267
131.619182879898
218.525663401551
197.169662707597
125.687576672413
151.913400629105
175.951050633287
202.652311612742
165.616240180822
149.009819706793
168.938494240496
196.765824750112
193.589237422201
195.236720277879
137.223672917586
134.858608900915
175.877097817499
171.362206672888
162.305885634083
190.914494584698
144.011533376864
184.472319922459
163.959990224491
200.758486555651
171.9000110392
153.692319759691
86.9005880541308
187.314916994545
166.458229849382
216.762073286452
188.802979741611
186.632127510976
182.073724825669
161.491161648941
149.962141100861
203.310375991677
140.159031540633
155.290748278546
206.886962783225
143.050611204676
167.900249447128
137.273859016204
148.417381276986
167.587053926297
157.791418415474
119.013625476974
168.799883918452
148.377545207538
196.715267237032
186.466759235214
167.405010108994
171.674239260105
178.312887028045
167.995322282603
175.778721723802
140.220590814563
146.385548580937
161.805695016896
163.03724059823
169.629469481721
121.593690245389
181.719884591893
136.907146721069
117.622609904415
191.010361946679
197.350528779842
168.851862319834
181.940797312262
164.200818187152
148.601558734815
190.346976338801
159.655266872053
189.966423460331
158.864835630433
152.390577810998
121.232250223231
178.170776757979
133.038933794528
151.304526971293
107.243187589144
153.857489000845
179.189522743632
185.084441408088
185.922204479691
178.625437070638
134.062258210807
160.070850241474
136.03484068798
126.082507065935
180.809109876694
135.456418304349
158.031144000003
137.07085180102
195.409664250216
162.956087772126
137.907902081578
172.682267470208
166.110303006692
128.714771974028
203.986145884049
140.480784452422
156.852913201882
156.000720094738
164.185126002963
166.478867683414
107.993377232651
179.885975747714
161.923438995428
130.181264713449
143.968066920928
184.820011779621
162.482662511224
161.494688663159
166.157482855928
178.620637840447
191.038940680939
158.759464855217
144.326853880555
160.882035801406
183.50066653656
166.547356170001
136.407307783798
206.4363941439
164.238102246753
130.084287671088
112.159591576677
169.670383815606
165.080173642215
127.950245805717
174.257804788728
160.46089509899
184.550992925273
168.717781990663
186.625045364614
173.74767539863
104.571217109849
126.99964955857
130.411263597349
162.113005640672
161.07873010555
131.00192461974
141.85811341185
177.72769191444
134.581628398048
200.187633133462
135.92915270416
149.394488023199
201.578552388122
163.41791792523
171.09120711517
101.895514365722
159.314646651923
164.584269280744
161.205867518712
177.098038143234
159.322142825842
151.769197389112
168.213561823262
145.307887580442
145.986904804217
177.174177064532
231.424380004745
170.465434992533
178.883277017297
138.82913414595
142.368008582067
144.196765637036
161.793209401253
178.080613798094
158.649538718453
190.81919154462
152.405202149465
132.153737687989
181.45892094295
180.778108077811
171.71483339444
132.692398800091
128.064614341046
174.694073601317
200.217469190799
150.857517970064
170.770591542256
221.322574938731
120.797215267414
157.159634158791
125.203972986893
123.192543594879
147.739182996345
184.760466000797
180.463290531677
173.51421712868
125.789621412413
173.735201938085
151.524510838219
189.770448311295
169.850902097522
184.720154408043
175.500411791621
164.806886983656
177.052560966912
185.020191653029
136.915747595594
184.593429170843
161.326392961872
155.025193145919
163.132104943166
128.605649787293
174.128660379075
165.289058317454
133.540657383627
120.55210654498
174.425681394675
177.00306095517
157.094007944357
152.438310324294
138.143267979916
153.109397916628
106.76500387714
151.68634840654
150.360294298266
145.599533960057
175.285347711231
175.457430907888
173.49169123704
178.092728797645
124.241490063708
199.403164650691
227.909151643584
157.566717978889
177.514991111661
171.352550120879
147.017192575973
162.556001723401
162.565814797534
161.251376930574
150.992782424624
178.950459879325
128.01659020355
175.827961004221
136.043140319437
156.341685798285
160.38788462224
172.960443684905
174.705048510877
148.770186458048
151.580704160847
182.347052268134
130.88487994076
108.656632884909
148.115836879083
182.428607181472
176.920552038322
199.170203091845
137.834557896274
172.783419338792
187.214766010194
145.832964251785
118.105684399766
203.445412940729
181.576565775993
135.64680636523
144.208245228825
144.160019786503
193.074514210399
121.762265820476
163.385920665267
198.403811172302
158.8069245372
120.595252024041
154.712151188694
155.06369373259
162.007554794159
155.607740294861
150.224471998099
162.009298675533
142.478148825418
163.619176519329
187.969715534109
145.986409810483
136.359103661664
173.007578852581
129.699431083835
191.551571147816
138.817122198521
158.771739208156
134.785142835168
204.787999278199
143.624210766032
158.507641107953
126.697541330079
129.167278330443
