1.69424860910613
2.55838473533489
1.36783924687072
3.72998909344846
2.63445628552552
3.50887600336739
1.50074863819923
3.57126293771518
1.49100042005577
1.45800053512043
1.8220123701638
2.88612027970248
2.29995521734189
1.51333133698951
3.67964170184466
1.94767662965418
2.36321892299666
2.56287288731939
2.73905942888163
2.58270294487962
3.08292665398941
1.75526284743903
1.26564276975065
3.40844066679243
2.91583155126232
2.36592761109256
1.04537116130448
1.27884743986549
1.83538676642378
2.24690311789675
2.78192268765835
3.14009020043639
3.14618138184631
2.56555555877695
3.23371616973828
1.83646948515416
1.70705933764361
2.51808926489689
2.61350772539059
0.678522796487942
2.73805523542386
1.96008872373697
2.97825684601728
1.17194063323516
3.26372737520017
3.60496245198315
1.6785610776843
3.44975609978328
1.28884452667986
3.18171683694884
2.79183727140436
2.71692042273717
2.91015095082066
3.09474819492694
2.79507908960984
3.03672660752509
2.88042212215792
2.36406511723554
3.13497072110269
2.16774051294253
2.76630883595941
1.77206096280625
2.36269223762773
1.24841435967645
1.4974578650282
1.92752557342402
1.30213299972231
2.33834314993088
2.14451426839446
2.14311486365545
1.9909324241545
1.64153165786838
3.30304878904432
1.55228293271806
3.64542126904606
2.03771085235265
2.20355151899173
3.00345800052451
0.7592438193019
1.21295182828761
2.7986932302352
3.31212409219892
2.44872460835178
1.92589245051092
1.59475951749334
3.10570766682015
2.00449778772803
1.50927504370923
2.29381212228994
2.65473365775354
2.27336332054879
2.83950802016154
1.52125410298543
1.95703968422159
1.355072848992
1.28449682944335
3.47458475427883
1.28910373500446
2.85175438575381
4.03833741617685
1.96281598915177
2.85287299948156
1.40080758531678
1.81244274115998
2.56795662474221
1.98058965404418
2.6429853726405
2.1539558776743
1.63271608907602
3.2300886860613
3.4798304040987
0.682874662463431
1.1801801692119
2.53936908185138
1.36977772933373
3.18405609071093
2.94708840945375
3.23634452325784
0.706715540473497
3.11224241486225
3.16187873137525
4.18921395621813
3.29878555392449
1.66964030739937
3.20029965744657
1.52353156824576
2.34041696085968
3.75245583279986
3.44800223183615
3.14867598087476
1.96894368027867
3.29035805664731
2.16780150062572
2.8476633393328
3.68836124786029
3.25661273814866
3.59867417031458
1.69067645683724
3.40881222288598
1.71765215165574
3.62370012863206
1.59369472198528
3.59692879104449
3.12500082135135
2.10898396727258
1.41492134481863
2.0535208038066
3.3168598749476
3.15624297760351
2.19892789449454
1.78010795633087
0.716630820314986
1.78666305442044
2.40097926901496
1.14351764188922
2.8349034275756
3.08781305440176
3.49955510495473
2.885863626106
1.67342436304825
2.2607847955884
2.92355369248989
2.8292624681097
2.02699873463478
3.37490790140055
2.73007939112334
1.40002949894144
2.74863779103607
1.91402411532217
2.84602755686941
0.94723957185118
2.85571947486486
3.38781929088494
2.48458583487331
1.6851069521529
1.64193870118281
1.35482067164937
3.22813081249844
1.74097431125368
1.00594323967827
0.661354606925722
2.51248054993744
2.33561693856698
1.23102703409554
0.711108609612205
1.72591848275479
3.71709059913616
1.62583923256289
3.50627077886087
3.33793797668183
1.10352970533932
3.03939055404305
1.37034731325454
3.21434309140712
2.46021129777868
1.99749031954511
1.94746731848629
1.72211248277512
2.35893879020959
1.59862430205196
1.48325100729302
2.75367564812902
3.35962392537236
2.08958365438194
3.1646616695874
1.66383981161542
1.77274861986573
2.1836111197633
2.19395790590726
1.06269434242468
3.0317241546873
1.96452532698297
2.41564748732764
1.25197051745247
1.56180176407488
2.85682116991534
0.901878220291015
1.82253102389289
2.82579107817465
1.05125740453424
3.84818967880648
2.00165631820066
1.04477017137088
3.9881214384065
1.95818850244987
1.14911810842793
1.28751603238659
1.91942557037734
3.48779843547617
1.70266860239749
3.31341893126201
1.90178981200747
2.147247493321
0.937538397831046
1.69232350689686
1.97012453651259
1.4343196917479
3.81872007725924
1.3814242992229
1.79202040894202
2.3366818741866
2.63665395345783
2.49600842277591
2.42980132513999
3.74485568154119
2.95548558036755
1.88191456273572
1.58856927742423
1.67303133759877
3.39596608118109
0.228739089369321
2.58707521814532
2.87507006470742
1.6781583451144
3.34190448477305
0.859035530949477
3.72503815082553
0.76440194171896
1.30477394390411
1.75160804763216
2.17911941768547
2.82306927602885
1.48778577863725
2.1328333938616
2.8316363099393
2.93493887762249
2.12981786166694
3.02343002270877
3.23046126390197
1.15675604674207
1.89284923086992
1.93537679760182
3.96742074128766
2.28375707904044
3.90821282208642
1.40277131135436
1.44023681160487
2.77796105738074
1.2921617613656
2.65776164286034
2.98925361595752
3.30063941944971
3.34183219419517
1.39333787079465
3.24934139079449
2.21023173771106
3.20957827015133
1.01460870968301
3.28684191676989
3.35814852551527
3.40288970000698
4.35759807336751
2.96399418532566
2.98180380132789
3.7118009666087
1.66053680620562
4.23492419683414
1.26639044547445
3.74610038009444
4.28576867163256
2.97014082419584
0.790650917902404
2.1923740803159
0.948824234936058
2.94718844470072
3.29368146471139
2.00380182783542
2.61994955955704
3.71716645574307
2.5568604584768
2.9863537138083
2.19919734878671
1.61849963969676
2.19319930772223
2.47238184403097
2.03126317960442
3.77011250700652
1.20677860265143
0.925175288298799
2.85486867347088
3.06723045675872
3.45162163908925
2.7173071883163
1.44585232389866
2.41268004880917
1.39611536261675
3.47675847466897
2.37185024303808
3.05174071769231
2.92436292124053
2.31550134365326
3.54770987189686
1.59289053007344
3.61886783424015
3.86487190088638
2.71356515541498
1.9148032962225
3.29237243188881
3.50737563162052
2.423525111166
1.51123288302086
1.29293316537357
2.37340776749452
3.40978408115224
3.4479348763473
2.73487150321207
1.52012254617754
2.04488777387421
1.8771143887274
3.01472705377047
1.62597760864375
1.75034225619811
1.63843744306485
2.32950377150156
3.43645591630988
2.20045504813719
2.96750261080868
3.18742129990222
3.04173040120425
1.8305451902001
2.69409888063531
0.874109817908651
3.52452113132095
3.74512224259389
3.27936760985999
3.06435741896157
1.85861883218266
3.00925777513021
2.10274023781189
3.44059907103301
3.85778567136664
1.60996698521376
0.846136547241142
1.58504050946878
1.95111202504317
2.45581935712645
1.82940423679766
1.89966963741256
3.00743256631865
1.28831513175365
1.64290788786431
3.33582861331107
1.92407644756899
0.368920074167399
1.52734306234521
2.62769603409814
1.33320147867004
1.42445828551502
4.03874749089102
3.68403635898227
3.64731700217251
2.01622567053957
3.11617056340311
1.23953627045851
2.11504755092649
1.52491843106645
4.2092907623954
0.745451729502982
1.51349903064308
1.29052987794424
1.74421604490795
2.1982343671829
0.673410438811729
3.13545496323183
1.52919540835251
2.07783607222815
3.21515796762985
3.04780136138566
3.41039871719567
2.36483421495202
2.7292254247086
2.00649931387446
1.4979919944887
2.42314061338732
1.75529392228088
0.744923848983384
1.34466027309814
3.72997983656152
2.02551617261556
1.68623368551789
2.94385264258229
1.04999277695865
2.80303620702714
1.35796292807022
2.04848158924713
2.57393893341216
3.38549991529111
2.48787185201804
1.43767377630939
2.12089729370805
3.08854896671089
1.25886075401448
1.29917194868743
1.51739878352847
3.38798887492444
3.15237769249205
3.89884338774484
3.33765924271273
1.76312122626992
2.30061685260678
2.42627183622587
2.17199345059382
3.8088231094054
1.9029056271881
3.83451734204785
3.61638039718634
2.75285701766271
3.91350029316426
1.42963977821314
2.12239749716296
3.11882081027676
2.09537528578354
1.74426058747929
2.42045627025177
2.72006883090191
1.53154220629705
2.51128508277819
3.35484990310319
3.1780060897613
3.62728471514816
2.16998738949104
2.86075035611018
3.01190594576724
1.58409157567595
1.78322601077467
3.00872876615173
1.44527907945524
4.12290316472679
3.14769029021893
2.7314515664553
3.017080140992
3.50318053195849
2.0538005744473
3.38653628956356
3.0139852496194
2.98185421941406
1.47768731209501
0.842124296150507
1.79112917544978
3.65220369402894
1.8361151629968
3.76903404822528
2.26358818858802
3.37763294513902
1.60445914572802
2.17349806473298
1.4795464601647
1.81606100249557
3.31411008900781
2.09181065282018
3.05024536960271
3.56241481590627
3.77065092011912
1.62183059748732
3.2717203203642
3.33388408751217
0.755540010731571
3.25310915273123
2.93315236093048
1.49279954164473
1.96332372935214
1.73707138025132
1.94292636708549
4.02541930690458
1.96822514464263
2.2519305160082
2.27275434903591
1.77826696608724
3.55641133520851
2.9470970614887
1.15576008506468
1.28436652784384
1.79351983159266
2.28826935891896
0.691955808616442
1.1317530667688
2.90538693532918
1.3518215533154
2.79966673744215
2.6630259011999
1.80299350607505
2.57693579603612
3.03776733953873
1.02233487067638
1.80044070269005
1.47651363041417
2.94450534323011
1.82599759076402
3.22256620720049
3.29663855587592
3.98538783332229
0.984016316607505
1.72211980615537
1.67785508461025
1.49951535990671
3.46403616419621
3.82066722253215
3.17057635931968
1.55040347216192
3.32000125115997
3.1772698451716
1.6232955770879
2.69306254011621
2.49951165765429
2.49950382540452
3.14919010085346
1.8915713429937
1.4366188986708
1.91046007106546
1.97836160828129
2.66212728765739
1.14471696148978
3.99385311796456
1.34398917636643
3.59491904060956
1.49389115024634
1.90316308284325
2.91499360370497
2.61304512552014
2.46869960668722
1.32085127295017
3.40663961083506
2.93548284097867
3.64071157141432
2.98142159848317
1.88335564784532
1.25400732122816
1.44765233985689
3.72357577418869
2.71792021475389
3.01516970270571
3.92630307884011
1.26640629039089
1.94380003176419
2.90300099887828
3.54034584591636
2.53232825770832
2.95161680841008
3.05890242809122
2.63351741845375
2.91896250796468
2.60202460852472
3.15798417923235
2.04665741391525
3.0540638397825
1.45847289577298
1.89742102724098
2.49383525669538
2.86365470902098
1.42868159056294
2.27113570608961
2.44167968067111
1.0798245276149
4.0057220095008
1.5538569780595
2.37453608969515
2.93823200445499
2.2541258462852
3.02606358404087
2.40239487536378
1.17864291060426
3.41445058098199
2.02948983082579
2.80403724453139
3.93618141134756
3.15515664365723
1.39900678803994
3.39602963622856
1.82156515072722
1.09914549691862
3.26825041124588
1.99932836014731
2.97911518583053
3.03291212198387
1.85969092287977
2.22821760163225
2.22254977047067
1.55839529874049
1.71804239824667
3.98339773485354
2.72589189224435
3.93887797127823
3.1103832145623
1.74579453469463
3.25832157736637
3.04267010368737
3.20279772281999
2.14665685341914
1.83221103868072
2.8389784469281
2.79458474066548
2.25603138555952
3.36222921516428
1.69263174626354
3.09261142555146
1.605869412652
2.79015385106954
2.76686400494754
2.99510073512258
4.01157545543009
2.80820556798427
1.58094770069642
2.58276791714682
1.84111836437479
1.98759486188459
4.26352859532895
3.02005781408169
2.56435505644911
2.44908589986722
3.31301623457842
0.306013045103269
3.04234492050637
1.83681651909636
3.58234549224385
1.49997874061865
3.33564972036726
2.80097504727974
2.90981156932533
1.47042030941973
2.07719492999749
3.72971868961376
1.34060626193457
4.21478847481525
3.03203719782333
1.40748536014088
3.42911502686504
3.491828262805
1.78724346622003
1.18631610652097
1.66798770389077
1.46569097586138
1.37379152417164
2.63506653480782
1.12080605017991
1.75239788657199
2.21730487955357
3.40850276776767
2.94990842590632
2.94211547452032
2.08463472877531
3.0829986373106
3.40403573257669
2.7463286961003
1.85068176030933
3.4378084136307
1.45758759471271
0.956163405242082
1.98748186510849
2.96183301790524
3.42470277116267
1.65751940475033
1.38088616752469
1.86697976969865
1.44065595011147
1.20436954770062
3.08729076141029
3.98048812986596
1.73237972694088
3.69299625030344
1.79589442291912
4.99407535361238
2.56525372458315
1.3167407334138
2.8930641227887
2.20703739624562
1.9709691197718
1.65505589144826
2.8691662943013
2.54937014912458
2.19484089538843
2.6976020383765
3.66437252121811
3.46961706130684
3.34420885623088
2.15917440895166
3.47604511661395
2.52006108744416
2.6674088928293
1.52130771933867
3.56625889779388
2.43388811899019
1.17246790228237
2.83992803449693
2.90881701358007
1.82326810911264
2.2160531197887
3.74786733139049
2.66159436743018
1.61933620577191
3.46240064259426
2.17341766579916
2.67808621727199
2.42917036922422
1.79246792997722
1.37315589021368
1.9910347068473
1.82716584376502
2.22825546738716
1.88665088541147
3.16865435910576
3.74829444034395
1.54606964427552
3.22202913745897
4.25751586527192
2.17490315220246
1.15800297698236
1.84538515184863
0.95257836701667
3.32169344740538
1.70685795029865
3.42690688599916
3.95452901439902
3.11611034275876
4.08119486944719
1.79322499990088
1.89954908615178
2.11788969896869
2.74765124313965
3.46587004857483
4.31053972426217
3.48426972696803
2.06882548051811
1.634193398299
1.17563591991362
2.37750879310111
2.04371599385092
1.33047382923685
1.92677067889321
1.79316585831451
1.9608491011418
3.39108584565708
2.66794911740774
1.4769108012329
1.34988969130704
3.29252610938225
1.10191822057016
0.284364817274647
1.4192601684359
2.04143524619514
2.36126192905544
1.88668175781393
2.42880969205733
1.86083675373273
3.84804318798851
2.76224435776994
1.02063016602868
1.2631746444577
1.20798298884418
1.00981388658123
1.72601887452644
3.69359357797561
3.20285611027666
2.82024356431744
3.04623852082125
1.95485777131827
3.19776753862709
3.92635766964338
2.8420420691868
2.67453248716361
2.05905817682469
2.05206561689852
3.11900067662488
2.40535313685701
1.21233682077967
3.9600854652335
3.5527555474721
1.55888687138039
3.84992256335279
0.633590043907466
0.97472838903904
2.28594245954731
2.82197640767013
2.76636615875871
1.48357435785064
2.35653015461148
3.09569543535924
3.85722799889082
2.96792247738643
3.49787512435795
4.12025287743918
2.01641231501886
2.28244385964171
3.80925973892584
2.98185372536201
1.5217702011551
1.76450647625796
1.12196158674181
1.31271336684741
1.98909935619528
2.89724284782884
1.66268806015242
1.2965774063705
2.29828674389499
2.61309527218987
3.58532499003431
3.12713089100631
4.50769994899972
3.29226392259958
2.7109778874454
3.02313930708343
2.23242333562834
2.74514769619266
3.16527488348623
1.40327070705529
3.67243650490483
2.21052229248605
1.83604931245992
2.77441274356559
1.98872253290647
2.23590589478938
3.15274128028416
3.78829488242742
1.73949757653836
4.0125754733808
1.42158094829989
1.52906615957698
3.49217666410866
1.80727729360932
4.14794554191688
2.20419856755705
2.40600141420977
1.96828569684363
1.59067617515834
2.58419014804894
1.57184632482682
1.86563121418176
3.7391646476701
3.44377990780412
3.4200019078627
3.90827734477116
2.76741895173108
3.75585441381639
0.965934967308256
2.70278207585591
1.40147114165719
4.18149067460956
2.08385056956212
2.9392648973843
3.75852717987847
2.33295144379039
3.06372618157168
2.83768408834664
1.72869347067762
3.045275722732
3.11655049529453
1.36089085279068
2.85694088035908
3.86121698492017
2.61874365543651
1.75553536052134
3.02074600409818
1.34576564461246
2.95322502454488
1.87959685910202
1.28687083683507
2.17394754925631
2.65172105833761
2.79402411550986
1.98839659220183
2.95119882389815
2.53724000369376
3.51449634214974
1.6204225191451
0.813526714327175
2.66525742342835
2.13700214675844
3.24699907196513
0.951676188013744
0.87083173429256
2.78489170673052
1.28221236874109
2.34088462757684
2.63031177827551
2.03485627706235
2.83739487776506
1.43924995546493
2.49108732222296
2.67032825112218
2.87352171571476
1.1533692078059
2.49809115150532
2.55729093253164
3.70036699326951
3.18300843182327
3.7668908071506
1.40184142379678
1.40640713620238
1.27512881226497
3.03798933711289
0.98958847488686
1.69186567754307
2.26824371254225
3.34685305691174
2.74283140501336
1.67085860730942
3.1350553485108
1.2741433699103
2.22445643297643
1.55095897355518
1.6400813191358
3.28337007272899
2.37579973350868
3.29782776624497
3.45884673205634
2.49433951346383
2.94289804381869
0.754402578163533
1.4967724470165
1.01324928527959
2.41641004186843
3.05545299016972
3.94712212184693
2.91709301229184
2.50842332004322
1.54933777850299
2.0983802971278
1.93918276681302
2.20121114614898
1.13328745320841
2.35833047406696
3.09866440890501
2.27666012221699
1.72380155251052
3.044898494992
1.62959094735878
3.24441216884771
0.880124930736971
3.12052570638179
1.44005747139543
1.52849275357856
3.30577456280818
4.14269790988853
1.81081400322853
2.63260986348251
2.6140633724429
3.07932722503755
3.11916734989739
2.04111790062997
1.30746247642049
1.57607440724094
2.03509421036346
3.66304947633755
3.34111092898157
2.25670024585809
1.67630174456421
2.41852821319928
1.63560648297083
3.62478615123329
1.66627401910735
4.34007654782981
3.18789300177059
3.59470802947759
1.82270043141319
2.80947605396412
3.70505274246497
1.6650526058079
2.02068928421285
3.07232009034609
0.961477944436428
1.86338582700274
